# Created by Octave 3.8.0, Fri Aug 02 17:07:30 2019 PDT <mwright@mwright-17232.local>
# name: Y
# type: matrix
# rows: 800
# columns: 1
 -0.1601992875758453
 1.839251756017869
 1.73670509927892
 0.2785369216786505
 -2.342623592460924
 -1.99340506677463
 2.443231439228373
 -0.5994342323577887
 2.613927187866743
 0.6616850440864315
 -1.505676634812686
 -2.129365987196466
 -0.107419852152509
 -0.5855960812672909
 -1.520141255761855
 1.692743808275613
 -0.9210607597663129
 1.730162153121119
 -1.785402271533858
 0.7643404272100045
 -1.249147668974617
 -3.205744602497946
 -0.2553103761189668
 2.066766969340258
 -3.188324415209693
 1.462047979873823
 1.804693545874127
 1.515677977968004
 -0.6204080442649789
 -3.438391150192516
 -2.799507117251759
 -1.812428316996903
 -2.275140525382379
 -1.181490584535771
 -0.968152170379058
 -2.242087632915445
 -1.119815473746571
 -2.94534461423348
 0.01673549305137306
 1.345724887131468
 0.06159155524037047
 0.3217273039464799
 1.690505723639392
 1.224671416003335
 -0.8449185568519528
 -1.828368060113154
 -0.1507152750954295
 -1.842431324508663
 -0.1436864929652986
 1.956022755343539
 -1.664718205847579
 -1.368343536254707
 -0.0912780811944226
 -1.291108839548913
 -0.6738492492918137
 -3.468112106597335
 -1.404292815609461
 -2.739405089706843
 1.500172015264522
 -2.828830270246537
 -0.8736658635143804
 -1.31073865786821
 -1.478532759351169
 -2.870630072660476
 2.325256964665704
 -0.5127425134072393
 -0.5496009583518988
 -3.202008215497715
 -1.4243351283076
 -2.378643415543293
 -3.059441746310395
 -2.445060071879125
 0.4786341907637183
 -0.6776920794314072
 1.276114734721386
 1.571487516522075
 1.792102273360483
 1.342059121614959
 -2.891991579225801
 0.4338336157928523
 1.016186929807113
 2.656025503540231
 -2.553406630199353
 0.2680058549519113
 -2.440560585617947
 0.3877566845687211
 -2.762736872906316
 -0.573165232888433
 0.1112309881382231
 0.460318231558599
 0.2833273206916046
 -1.096829789759401
 -2.569473600278262
 -0.6917052204212306
 -1.241300228067496
 2.027982734496081
 -1.393597835195198
 -0.8569601507160172
 1.231893754000458
 0.7612296983136322
 -1.519830785739358
 0.5806376090751535
 1.737300712635117
 -2.303899269916863
 -1.047651541538033
 -1.224115975818372
 -1.331497474883307
 -3.210875662588941
 -2.54091804141635
 -2.728681518826155
 -1.542749949764782
 -1.877678988705524
 2.295898807151234
 1.641126746749717
 0.8279955066008065
 -1.0323139006406
 1.954091284413432
 0.5905520018275701
 1.119029161505766
 -1.636412407709785
 1.556838812943966
 1.739037105714037
 -0.7343038622563071
 0.2238224716868924
 1.400318391040219
 2.07040326557873
 1.252175850409221
 -2.95585328269846
 2.605717201305751
 -1.430966493106588
 -2.903005927860623
 -1.195510925333534
 -1.525947822645236
 -1.788569704085578
 -2.416501209660343
 0.3479576240608553
 -3.531463061688123
 0.5401712674538898
 -2.499704174496394
 2.012496303662458
 -2.366430979259545
 0.05142169710306832
 -2.962379890266091
 -2.253538249224918
 2.242259803517071
 0.349990623320672
 -1.29201365723419
 -2.984294805084065
 2.438437208519953
 -0.7822925842688655
 -2.805482135349187
 2.188000250418954
 -2.530287701952069
 -1.163827810764144
 2.587970800738544
 0.7688713813012702
 1.701131848549846
 1.586545092972876
 0.2584037521729544
 0.5231882713125835
 2.472453824333336
 -1.492712604266413
 -1.651502552849583
 -2.125641301438475
 0.2311122806970582
 0.3308467277973245
 -1.434768986213985
 -2.360855288122171
 -1.134526750471722
 1.234802664084882
 0.478241380423867
 1.19863212405937
 1.527994205854772
 -2.488899866025783
 -2.245253770314317
 -0.6190771927511283
 -3.061223650023491
 -0.1165684296840523
 -0.8965064132493936
 -2.26461471842291
 1.432510018828357
 2.47950818210994
 -0.8705860332258819
 -2.715982147236355
 -3.409076998100447
 -0.5382778116492085
 -3.579164777524426
 -2.389750962915579
 -2.738209215832469
 0.6755950818987873
 -0.1183723301423642
 2.121266224482636
 0.4143054736329769
 1.854022122997561
 -2.83359820370784
 -1.412220403864599
 0.2798925860005537
 0.8282368312335797
 -3.481882860165073
 -1.791258605799323
 1.888119062613606
 -1.599299903112849
 -2.628142801029263
 -1.727881060512219
 -1.271274632437442
 -1.231835247680606
 -1.472085963833475
 -3.243927175451601
 -1.041289078198658
 1.632293941222378
 0.3990583561950268
 -0.09554431430795141
 -2.777556843186059
 -1.086789131786765
 -2.416232541809809
 1.222931185768744
 -1.025317862006641
 1.928451753564835
 -1.360731707548237
 2.528750068343519
 -3.389910370825327
 2.133027252152308
 -1.94167386305181
 1.492598235333121
 0.1810309858055378
 0.4634530374741487
 -0.8992531101450768
 -3.546072084695668
 -1.567683373229915
 0.4999489800572119
 -3.128783660510073
 -0.7341741027669896
 2.12930492659883
 -0.7984738975084843
 -3.07616625585835
 1.336983061193988
 -1.204400491950084
 -2.045336891789246
 0.4430869469264282
 0.9430927884925266
 -1.808129328538319
 -3.269994119446259
 -2.959063629049486
 -1.755107861262172
 -1.176496362723116
 0.8014176105464843
 1.870176140978715
 -2.585139790959704
 2.174295767495208
 -1.499764102786709
 0.2839406563811078
 0.9536438220203791
 -2.942161519293129
 -0.9964484879091128
 -2.670746101604779
 1.91022456160165
 -1.785532814827286
 -1.016185344820711
 1.905790031988244
 2.503876273492572
 2.016248882913739
 0.7036570799091439
 -0.1941804835682255
 2.1890223873006
 -2.245064554473657
 1.932670509162974
 -1.771436771033383
 1.705331493724548
 0.5259286123993883
 -0.9478875352598098
 -2.405472353375297
 -1.334990081022318
 -1.680073695453646
 -0.6475623640497344
 1.465226102843802
 -0.394375536266003
 -3.023936545459665
 -0.8652806976602359
 0.7300499492286676
 -3.132149405303685
 -0.7703337094237981
 0.006423886759513331
 -1.106024210827123
 -2.085541793943169
 -1.440218645470619
 -1.657035307228983
 -1.832763611102022
 1.845353795026744
 -0.6099068609075813
 2.126185484831503
 -0.6838256916358727
 -3.269889946634888
 -2.960418241007649
 -0.7902089915352624
 -0.9059750192240508
 -2.459346262478238
 2.065947934093008
 0.05684944877360648
 1.357358065547375
 -2.998301047265556
 -1.899006194607886
 -1.09588148659631
 1.848660485386921
 0.4031620926240107
 -0.69127180008004
 2.264334012460391
 0.4853677292145414
 0.9030402979661514
 -2.90561650183915
 0.6239193468750213
 2.230963244492396
 0.551053216461781
 -1.203122457304095
 0.6561498235997427
 -3.349118130605079
 -0.9368145867733564
 0.8748829961178723
 -3.479070238979254
 1.889727169933841
 2.621510430773504
 1.764323348480172
 -2.822536570072644
 2.552179739688516
 -1.863581083297033
 -0.1549182250463741
 0.604445658461261
 -1.247214844540839
 -1.129499497276449
 -2.233915573972101
 2.320825458566214
 0.09931866430122804
 1.124534787044309
 2.465567143099843
 -0.5785141780275329
 1.201906530402436
 -1.600048927884159
 2.125001387293615
 0.1943244357859555
 -2.28542070438767
 1.731101247707923
 -1.987431338156635
 0.07068114474970211
 2.520748310927241
 -1.290820995593904
 2.274677023520483
 -0.8849419728940819
 -1.525767961168028
 -1.853323736158278
 -1.373568507386107
 0.5995547040590503
 0.07717840805143894
 1.256045952007316
 2.502962570190358
 1.894844967340248
 -2.974983107381462
 -1.676558156604482
 -0.8716588752645309
 -1.395263148551424
 1.787105708583562
 2.093387463448927
 -1.525926062298355
 -3.018503720526843
 -1.715458127535565
 1.768825702026723
 -1.315495943787129
 1.155379178045861
 -1.971297803194341
 1.138237015564932
 0.8781024633115002
 1.540633358940714
 -0.7630279176139128
 1.838485403822947
 1.807198007236669
 2.013258533463545
 2.107463588133296
 -3.196833288408602
 0.1634496100496629
 -1.509178791250663
 -2.307102013236747
 0.562783930937762
 0.3951001109694577
 -0.4113668298695538
 -2.208668977121515
 0.3582515819681829
 -3.028004290785811
 -2.115411213078361
 2.14447786591589
 -3.391602405752572
 -1.152400049683801
 -1.559254252248375
 1.446159643213399
 -2.710170487492395
 -2.573820100821179
 1.41361457877817
 1.595753108954737
 0.2116499798301708
 -2.370445325723651
 2.577409544176286
 0.5754353840648991
 -1.377395100353069
 0.08108694001800199
 -0.05819972158234882
 -0.1070459047026931
 0.744839833669404
 -0.07069757632434642
 0.3009261068330683
 0.8629767675656332
 0.131666107509201
 -0.1791371822256432
 0.9947278441573522
 -0.2389035306874177
 0.1007660530905411
 0.5606727315304452
 0.2145262619139952
 -0.2413607991602616
 0.09308368930929078
 -0.1126345275394055
 -0.1603292524105431
 0.9709496172004322
 1.124264535214028
 1.102620016955355
 0.4385932792362289
 0.1621035067047492
 -0.2540141186446873
 0.3145469022979036
 -0.02793462333226787
 0.08988683485147853
 0.06790339991324768
 -0.3341810467856793
 0.004536678576076203
 1.120175742006194
 0.2021721382933316
 -0.3215643032535482
 -0.3016567150982127
 -0.2556057954772369
 -0.3354981896702047
 -0.08917604056583767
 -0.1575938350887143
 -0.3791602269127107
 -0.358236581560187
 1.108559469741049
 0.5882681388219424
 -0.1861842301233698
 0.02894236323148863
 -0.412942001296606
 -0.338690774462002
 -0.01690099462454259
 0.6113595585314315
 0.5926375120343792
 -0.376514078705127
 1.087236087496032
 -0.3396574154139629
 -0.2528103731915041
 0.0734499410191698
 -0.3633856200164224
 0.00144181142113109
 0.4385692985838944
 0.6244467944081427
 -0.03607292326936595
 0.5215772503315812
 -0.2347749422851556
 -0.03979272158163316
 -0.2662229441532095
 -0.138577441705009
 -0.1900862609014045
 0.06512300620984302
 0.2643927883823867
 -0.03608837075921001
 0.06816963938880549
 -0.03103801832296732
 0.03338249722874076
 0.03717938406583493
 -0.2723298819914155
 0.6697049187639998
 0.1549315380844424
 -0.3407225654385547
 0.004353618065437381
 -0.3909028916817148
 0.08230459266427192
 -0.2876628742150146
 -0.141101694212704
 -0.03917438553609592
 0.1027428984250307
 -0.02560894132754338
 -0.3997363347235945
 1.022381962971052
 -0.1905747248957127
 -0.08569519212939303
 0.872190638903916
 0.19174175158597
 0.1299168186451237
 0.496649181825079
 -0.1392635987659819
 -0.2970105803161968
 -0.257772004087944
 -0.4300340015411317
 -0.3435300105482635
 0.1068225802504159
 1.010652399355831
 -0.1965924354711053
 -0.4106560856851916
 0.08926499044704406
 -0.3252935957385271
 0.315588615389894
 0.08929719730493657
 0.03723103021615998
 -0.3489726379505652
 -0.1645165254193119
 0.2724647258499315
 -0.07594315589005585
 -0.3933784227653738
 -0.08854033041835052
 0.1071741391869196
 0.02445413542486541
 0.7723643245469711
 -0.007703550314798024
 0.7575645233293422
 0.9799091427229685
 0.4099664795191755
 0.04647546709048334
 0.457012404608224
 0.07047270129081407
 -0.3555291034358787
 0.2670555891691084
 -0.3394867311390771
 0.03787573874157479
 0.7328925334626419
 0.1673866687056754
 -0.1246666005937819
 0.9675486610315942
 -0.07844234576693576
 0.06894567380709127
 0.01266434639925995
 0.2252583282070654
 1.090332102870398
 -0.2577348214194831
 0.301544380930507
 0.3174360198281495
 0.7089819446148475
 0.06354678759456167
 0.01579195032288055
 0.2863093429916821
 -0.02478675751806131
 -0.2577926527729734
 0.1964354729069376
 0.06343164124427314
 -0.130554755464568
 -0.4146352109053246
 -0.2769508157735188
 0.2783464381514547
 -0.05333140279448773
 -0.3949825449014903
 0.5501320999706028
 1.025083747374349
 -0.4162590445421381
 -0.3070039239619149
 0.2858178541695782
 -0.2161753877574084
 -0.3614944464515053
 0.02066399426121013
 -0.2536080649202541
 0.0565251902024026
 -0.2985782616744265
 -0.07391835191139967
 -0.3868235262091861
 0.3257679649312429
 0.2448631120298429
 0.7577303082672755
 -0.3146066872875691
 0.2612311786193333
 0.05557868498569296
 0.3830584344659624
 -0.1487466701312615
 0.1797761334613515
 -0.1195463460417197
 -0.1394814656570409
 -0.2611671787519209
 -0.06142737097092332
 -0.3642308101490412
 -0.1974377229036933
 0.1885120839935078
 0.1059714720741761
 0.03290786218124109
 -0.3040689081912055
 0.1366733847768276
 0.3522567202243047
 0.6793249034530171
 0.8406785248555046
 -0.3039585263681582
 -0.1164876180420323
 -0.1299334719512398
 -0.1429973432609847
 0.03752586808523012
 0.02327840604283071
 0.1981413212003482
 0.5518106330402585
 -0.2714673222655936
 -0.2555808640738219
 1.074526315540364
 -0.01153905861165466
 0.6320718953186168
 -0.349326665983247
 -0.02370408308022004
 0.4782104817166967
 -0.3272563669169006
 0.7905371549766489
 0.5306544498045455
 0.1860007772605293
 0.009793761906477738
 -0.1448704088173379
 0.7607626936314604
 0.00657135518740648
 0.7408949524964148
 0.1063131572247692
 -0.01107956933943383
 -0.02340414107690847
 0.1521377547825198
 0.2803512310348938
 0.2917905244532735
 0.1423670926501517
 -0.09696670155040266
 -0.1321596046846699
 -0.2914242688703144
 0.06301037539473042
 -0.03189924526531723
 0.3709561806218735
 -0.05208878714846288
 0.3583094284595831
 0.6147262035766403
 0.02055498288360696
 -0.09254280331440667
 0.4915821218544998
 0.990712502808285
 0.1275303670098827
 0.3353291588210504
 -0.3918414911527689
 0.5619896091810015
 -0.1478753777484455
 0.1216192523489529
 0.8615154191068306
 0.0156866789253593
 0.216961697250957
 -0.3274756046835279
 -0.07092812899295153
 0.02826883329800589
 0.8416400279712406
 1.030320914654759
 -0.2634393579587201
 -0.02473871941934869
 -0.113363218409911
 1.100630416868699
 -0.1673982751499007
 -0.1994346611883628
 0.3857282409685812
 -0.3575304629369417
 0.2893694837611245
 0.1808119030954516
 -0.002733253269907809
 -0.2216654009376009
 -0.1258855828306379
 -0.3885909468915023
 0.5973234853438507
 -0.3731887735790534
 0.1208318378976896
 0.07476902700616261
 1.120720535731684
 0.8514697647097345
 -0.2784394400026844
 0.8923162734529735
 -0.3627223810320624
 -0.01590459253996929
 -0.08250863264960689
 0.0535470548695085
 0.01534014316380905
 0.5040757039642425
 0.4039581597245918
 -0.1302010109975804
 -0.07033920249458514
 -0.2696751174034255
 -0.2621302493259086
 -0.402909158867494
 -0.01276643377917364
 0.05884323478536729
 0.2818579952606789
 -0.3931485367959648
 -0.3257463358964959
 -0.1375022982109381
 -0.3858388019147418
 0.0660033125638031
 -0.1664849652743339
 -0.1789187849816409
 -0.130702425817502
 -0.1821428234042818
 0.3305424300377828
 -0.3641881918183615
 -0.0317388511691446
 -0.07411314216475617
 -0.1886047606447024
 0.3406700286046731
 -0.09572440501106416
 0.1797844484033637
 0.002309126934042061
 -0.260096741149882
 -0.3178319367222664
 -0.3918354731473455
 -0.2182537512410215
 0.1843041550327866
 0.3634211556285888
 0.7417101882916002
 -0.2273608870335573
 -0.1591419967744667
 0.01700800807817349
 -0.1349753513408534
 -0.4297575087840713
 0.1067579803020222
 0.02944550363104387
 -0.3341198117600929
 -0.3018249152435727
 -0.05040262145071051
 -0.3453314779741021
 0.28661877402306
 0.01878698050380034
 1.109888814878234
 -0.2064264717337348
 0.01058371420251264
 -0.1350358526457805
 -0.01961028780328095
 -0.02957817639262239
 0.05967886227633762
 -0.2498320346134558
 -0.3585645675630976
 0.1025312743153657
 -0.08387831446925897
 0.7780682236244472
 0.5767239095733245
 -0.1679370670166587
 0.935345021651077
 -0.02197148147624695
 -0.1234238694412362
 0.4927321284809421
 -0.04512905916796084
 -0.07975082744387751
 -0.3029180859517255
 -0.02566335583076296
 -0.1844567576287058
 0.2985702660496916
 -0.4353257421578666
 0.1324031261210438
 -0.3944616267519588
 0.008762995532737683
 0.6710234514901108
 0.1060738721096354
 0.5688861225109632
 0.6347914014475917
 -0.2681083184815783
 0.1395943597907502
 -0.3302638580701436
 1.098259002106529
 0.0333465856803179
 -0.2621089309313237
 0.5924159203559287
 0.2137149611019773
 0.2208042343074913
 0.08127092386351131
 -0.1545444014821316
 0.6332616207388522
 0.06394529773544133
 -0.2412024617679449
 -0.2229911140886292
 0.5240274869142857
 0.6566838322118549
 0.3585338529047578
 0.5884912546816448
 -0.140697251427866
 0.8805994585329906
 -0.3924528098694148
 -0.1695788387142169
 0.09343285439033078
 -0.1080675895945612
 0.837801961148297
 -0.3171903385634699
 0.5071180617869876
 0.3956620900762357
 0.8360057108248502
 0.7768837896609651
 0.1243194198369897
 0.360763012842926
 -0.2673728256523646
 0.4533077347164064
 -0.1403143380287151
 -0.3720953641161396
 0.1684073478895781
 0.2072676484906897
 0.91464913086273
 -0.2392915787824069
 0.6458314449769966
 0.2512820301105035
 -0.3606169510492238
 0.5578148683519044
 0.9065021355826028


